AGENTE,AESCHIVOR,CHIVOR1,D,125,125,125,125,125,125,125,125,125,125,125,125,125,125,125,125,125,125,125,125,125,125,125,125
AGENTE,AESCHIVOR,CHIVOR2,D,125,125,125,125,125,125,125,125,125,125,125,125,125,125,125,125,125,125,125,125,125,125,125,125
AGENTE,AESCHIVOR,CHIVOR3,D,125,125,125,125,125,125,125,125,125,125,125,125,125,125,125,125,125,125,125,125,125,125,125,125
AGENTE,AESCHIVOR,CHIVOR4,D,125,125,125,125,125,125,125,125,125,125,125,125,125,125,125,125,125,125,125,125,125,125,125,125
AGENTE,AESCHIVOR,CHIVOR5,D,125,125,125,125,125,125,125,125,125,125,125,125,125,125,125,125,125,125,125,125,125,125,125,125
AGENTE,AESCHIVOR,CHIVOR6,D,125,125,125,125,125,125,125,125,125,125,125,125,125,125,125,125,125,125,125,125,125,125,125,125
AGENTE,AESCHIVOR,CHIVOR7,D,125,125,125,125,125,125,125,125,0,0,0,0,0,0,0,0,0,0,0,0,0,0,0,0
AGENTE,AESCHIVOR,CHIVOR8,D,125,125,125,125,125,125,125,125,125,125,125,125,125,125,125,125,125,125,125,125,125,125,125,125
AGENTE,AESCHIVOR,CHIVOR,AGCP,840,840,840,840,840,840,840,840,735,735,735,735,735,735,735,735,735,735,735,735,735,735,735,735
AGENTE,AESCHIVOR,CHIVOR1,AGCU,105,105,105,105,105,105,105,105,105,105,105,105,105,105,105,105,105,105,105,105,105,105,105,105
AGENTE,AESCHIVOR,CHIVOR2,AGCU,105,105,105,105,105,105,105,105,105,105,105,105,105,105,105,105,105,105,105,105,105,105,105,105
AGENTE,AESCHIVOR,CHIVOR3,AGCU,105,105,105,105,105,105,105,105,105,105,105,105,105,105,105,105,105,105,105,105,105,105,105,105
AGENTE,AESCHIVOR,CHIVOR4,AGCU,105,105,105,105,105,105,105,105,105,105,105,105,105,105,105,105,105,105,105,105,105,105,105,105
AGENTE,AESCHIVOR,CHIVOR5,AGCU,105,105,105,105,105,105,105,105,105,105,105,105,105,105,105,105,105,105,105,105,105,105,105,105
AGENTE,AESCHIVOR,CHIVOR6,AGCU,105,105,105,105,105,105,105,105,105,105,105,105,105,105,105,105,105,105,105,105,105,105,105,105
AGENTE,AESCHIVOR,CHIVOR7,AGCU,105,105,105,105,105,105,105,105,0,0,0,0,0,0,0,0,0,0,0,0,0,0,0,0
AGENTE,AESCHIVOR,CHIVOR8,AGCU,105,105,105,105,105,105,105,105,105,105,105,105,105,105,105,105,105,105,105,105,105,105,105,105
AGENTE,AESCHIVOR,TUNJITA,D,19.60,19.60,19.60,19.60,19.60,19.60,19.60,19.60,19.60,19.60,19.60,19.60,19.60,19.60,19.60,19.60,19.60,19.60,19.60,19.60,19.60,19.60,19.60,19.60
AGENTE,AXIAENERGIA,AUTOGUNIBOL,D,1.00,1.00,1.00,1.00,1.00,1.00,1.00,1.00,1.00,1.00,1.00,1.00,1.00,1.00,1.00,1.00,1.00,1.00,1.00,1.00,1.00,1.00,1.00,1.00
AGENTE,BIOGASDOÑAJUANA,DOÑAJUANA,D,0.60,0.60,0.60,0.60,0.60,0.60,0.60,0.60,0.60,0.60,0.60,0.60,0.60,0.60,0.60,0.60,0.60,0.60,0.60,0.60,0.60,0.60,0.60,0.60
AGENTE,C.T.ELMORRO2,CIMARRON,D,19.90,19.90,19.90,19.90,19.90,19.90,19.90,19.90,19.90,19.90,19.90,19.90,19.90,19.90,19.90,19.90,19.90,19.90,19.90,19.90,19.90,19.90,19.90,19.90
AGENTE,C.T.ELMORRO2,ELMORRO2,D,19.90,19.90,19.90,19.90,19.90,19.90,19.90,19.90,19.90,19.90,19.90,19.90,19.90,19.90,19.90,19.90,19.90,19.90,19.90,19.90,19.90,19.90,19.90,19.90
AGENTE,C.T.ELMORRO2,ELMORRO1,D,19.90,19.90,19.90,19.90,19.90,19.90,19.90,19.90,19.90,19.90,19.90,19.90,19.90,19.90,19.90,19.90,19.90,19.90,19.90,19.90,19.90,19.90,19.90,19.90
AGENTE,CASCADA,SANMIGUEL1,D,22,22,22,22,22,22,22,22,22,22,22,22,22,22,22,22,22,22,22,22,22,22,22,22
AGENTE,CASCADA,SANMIGUEL2,D,22,22,22,22,22,22,22,22,22,22,22,22,22,22,22,22,22,22,22,22,22,22,22,22
AGENTE,CASCADA,ELPOPAL1,D,7.94,7.94,7.94,7.94,7.94,7.94,7.94,7.94,7.94,7.94,7.94,7.94,7.94,7.94,7.94,7.94,7.94,7.94,7.94,7.94,7.94,7.94,7.94,7.94
AGENTE,CASCADA,ELPOPAL2,D,7.94,7.94,7.94,7.94,7.94,7.94,7.94,7.94,7.94,7.94,7.94,7.94,7.94,7.94,7.94,7.94,7.94,7.94,7.94,7.94,7.94,7.94,7.94,7.94
AGENTE,CASCADA,ELMOLINO1,D,6.06,6.06,6.06,6.06,6.06,6.06,6.06,6.06,6.06,6.06,6.06,6.06,6.06,6.06,6.06,6.06,6.06,6.06,6.06,6.06,6.06,6.06,6.06,6.06
AGENTE,CASCADA,ELMOLINO2,D,6.06,6.06,6.06,6.06,6.06,6.06,6.06,6.06,6.06,6.06,6.06,6.06,6.06,6.06,6.06,6.06,6.06,6.06,6.06,6.06,6.06,6.06,6.06,6.06
AGENTE,CASCADA,SANMATIAS1,D,5.00,5.00,5.00,5.00,5.00,5.00,5.00,5.00,5.00,5.00,5.00,5.00,5.00,5.00,5.00,5.00,5.00,5.00,5.00,5.00,5.00,5.00,5.00,5.00
AGENTE,CASCADA,SANMATIAS2,D,5.00,5.00,5.00,5.00,5.00,5.00,5.00,5.00,5.00,5.00,5.00,5.00,5.00,5.00,5.00,5.00,5.00,5.00,5.00,5.00,5.00,5.00,5.00,5.00
AGENTE,CASCADA,LACASCADA(ANTIOQUIA),D,2.30,2.30,2.30,2.30,2.30,2.30,2.30,2.30,2.30,2.30,2.30,2.30,2.30,2.30,2.30,2.30,2.30,2.30,2.30,2.30,2.30,2.30,2.30,2.30
AGENTE,CASCADA,CARUQUIA,D,4.14,4.14,4.14,4.14,4.14,4.14,4.14,4.14,4.14,4.14,4.14,4.14,4.14,4.14,4.14,4.14,4.14,4.14,4.14,4.14,4.14,4.14,4.14,4.14
AGENTE,CASCADA,GUANAQUITAS,D,5.78,5.78,5.78,5.78,5.78,5.78,5.78,5.78,5.78,5.78,5.78,5.78,5.78,5.78,5.78,5.78,5.78,5.78,5.78,5.78,5.78,5.78,5.78,5.78
AGENTE,CASCADA,BARROSO,D,19.25,19.25,19.25,19.25,19.25,19.25,19.25,19.25,19.25,19.25,19.25,19.25,19.25,19.25,19.25,19.25,19.25,19.25,19.25,19.25,19.25,19.25,19.25,19.25
AGENTE,CCGENERGYSASESP,PATICO-LACABRERA,D,1.30,1.30,1.30,1.30,1.30,1.30,1.30,1.30,1.30,1.30,1.30,1.30,1.30,1.30,1.30,1.30,1.30,1.30,1.30,1.30,1.30,1.30,1.30,1.30
AGENTE,CEDENAR,RIOMAYO1,D,0.00,0.00,0.00,0.00,0.00,6.60,6.60,6.60,6.60,6.60,6.60,6.60,6.60,6.60,6.60,6.60,6.60,6.60,6.60,6.60,6.60,6.60,6.60,6.60
AGENTE,CEDENAR,RIOMAYO2,D,0.00,0.00,0.00,0.00,0.00,6.52,6.52,6.52,6.52,6.52,6.52,0.00,0.00,0.00,0.00,0.00,6.52,6.52,6.52,6.52,6.52,6.52,6.52,6.52
AGENTE,CEDENAR,RIOMAYO3,D,6.52,6.52,6.52,6.52,6.52,6.52,6.52,6.52,6.52,6.52,6.52,0.00,0.00,0.00,0.00,0.00,6.52,6.52,6.52,6.52,6.52,6.52,6.52,6.52
AGENTE,CEDENAR,RIOSAPUYES,D,1.14,1.14,1.14,1.14,1.14,1.14,1.14,1.14,1.14,1.14,1.14,1.14,1.14,1.14,1.14,1.14,1.14,1.14,1.14,1.14,1.14,1.14,1.14,1.14
AGENTE,CEDENAR,RIOINGENIO,D,0.00,0.00,0.00,0.00,0.00,0.00,0.00,0.00,0.00,0.00,0.00,0.00,0.00,0.00,0.00,0.00,0.00,0.00,0.00,0.00,0.00,0.00,0.00,0.00
AGENTE,CEDENAR,JULIOBRAVO,D,0.81,0.81,0.81,0.81,0.81,0.81,0.81,0.81,0.81,0.81,0.81,0.81,0.81,0.81,0.81,0.81,0.81,0.81,0.81,0.81,0.81,0.81,0.81,0.81
AGENTE,CEDENAR,RIOBOBO,D,4.00,4.00,4.00,4.00,4.00,4.00,4.00,4.00,4.00,4.00,4.00,4.00,4.00,4.00,4.00,4.00,4.00,4.00,4.00,4.00,4.00,4.00,4.00,4.00
AGENTE,CELSIA,MERILECTRICA1,D,167,167,167,167,167,167,167,167,167,167,167,167,167,167,167,167,167,167,167,167,167,167,167,167
AGENTE,CELSIA,MERILECTRICA1,CONF,1
AGENTE,CELSIA,MERILECTRICA1,C,GAS
AGENTE,CELSIA,HIDROMONTAÑITAS1,D,7.00,7.00,7.00,7.00,7.00,7.00,6.00,6.00,6.00,6.00,6.00,6.00,6.00,8.00,9.00,9.00,9.00,9.00,9.00,9.00,9.00,9.00,9.00,9.00
AGENTE,CELSIA,HIDROMONTAÑITAS2,D,7.00,7.00,7.00,7.00,7.00,7.00,6.00,6.00,6.00,6.00,6.00,6.00,6.00,8.00,9.00,9.00,9.00,9.00,9.00,9.00,9.00,9.00,9.00,9.00
AGENTE,CELSIA,RIOPIEDRAS1,D,9.00,9.00,9.00,9.00,9.00,9.00,9.00,9.00,9.00,9.00,9.00,9.00,9.00,9.00,9.00,9.00,9.00,8.00,8.00,4.00,5.00,7.00,9.00,9.00
AGENTE,CELSIA,RIOPIEDRAS2,D,9.00,9.00,9.00,9.00,9.00,9.00,9.00,9.00,9.00,9.00,9.00,9.00,9.00,9.00,9.00,9.00,9.00,8.00,8.00,4.00,5.00,7.00,9.00,9.00
AGENTE,CELSIA,AUTOGARGOSELCAIRO,D,0.00,0.00,0.00,1.00,3.00,3.00,3.00,3.00,3.00,3.00,3.00,3.00,3.00,3.00,3.00,0.00,0.00,0.00,0.00,1.00,3.00,3.00,3.00,3.00
AGENTE,CELSIA,AUTOGARGOSCARTAGENA,D,0.00,0.00,0.00,0.00,0.00,0.00,0.00,0.00,0.00,1.00,0.00,0.00,0.00,0.00,0.00,0.00,0.00,0.00,0.00,0.00,0.00,0.00,0.00,0.00
AGENTE,CELSIA,AUTOGARGOSYUMBO,D,0.00,0.00,0.00,0.00,0.00,0.00,0.00,0.00,0.00,0.00,0.00,0.00,0.00,0.00,0.00,0.00,0.00,0.00,0.00,0.00,0.00,0.00,0.00,0.00
AGENTE,CEMEXENERGY,SUEVA2,D,0.00,0.00,0.00,0.00,0.00,0.00,0.00,0.00,0.00,0.00,0.00,0.00,0.00,0.00,0.00,0.00,0.00,0.00,0.00,0.00,0.00,0.00,0.00,0.00
AGENTE,CEMEXENERGY,CURRUCUCUES,D,0.00,0.00,0.00,0.00,0.00,0.00,0.00,0.00,0.00,0.00,0.00,0.00,0.00,0.00,0.00,0.00,0.00,0.00,0.00,0.00,0.00,0.00,0.00,0.00
AGENTE,CEMEXENERGY,BIOENERGY,D,0.00,0.00,0.00,0.00,0.00,0.00,0.00,0.00,0.00,0.00,0.00,0.00,0.00,0.00,0.00,0.00,0.00,0.00,0.00,0.00,0.00,0.00,0.00,0.00
AGENTE,CETSA(TULUA),RIOFRIOII1,D,5.00,5.00,5.00,4.00,4.00,5.00,4.00,4.00,4.00,4.00,4.00,4.00,4.00,3.00,3.00,4.00,5.00,5.00,4.00,4.00,5.00,5.00,4.00,5.00
AGENTE,CETSA(TULUA),RIOFRIOII2,D,5.00,5.00,5.00,4.00,4.00,5.00,4.00,4.00,4.00,4.00,4.00,4.00,4.00,3.00,3.00,4.00,5.00,5.00,4.00,4.00,5.00,5.00,4.00,5.00
AGENTE,CETSA(TULUA),RIOFRIOI,D,1.00,1.00,1.00,1.00,1.00,1.00,1.00,1.00,1.00,1.00,1.00,1.00,1.00,1.00,1.00,1.00,1.00,1.00,1.00,1.00,1.00,1.00,1.00,1.00
AGENTE,CETSA(TULUA),RUMOR,D,2.00,2.00,2.00,2.00,2.00,2.00,2.00,2.00,2.00,2.00,2.00,2.00,2.00,2.00,2.00,2.00,2.00,2.00,2.00,2.00,2.00,2.00,2.00,2.00
AGENTE,CHELEDEN,ELCOCUYO,D,0.00,0.00,0.00,0.00,0.00,0.00,0.00,0.00,0.12,0.12,0.00,0.15,0.15,0.00,0.40,0.60,0.70,0.70,0.00,0.00,0.00,0.00,0.00,0.00
AGENTE,CHELEDEN,ELEDÉN,D,4.00,4.00,4.00,4.00,4.00,4.00,4.00,4.00,6.00,6.00,6.00,6.00,6.00,6.00,6.00,4.90,4.90,4.90,4.90,4.90,4.90,4.90,4.90,4.90
AGENTE,CHCS.A.S.E.S.P.,MAGALLO,D,5.70,5.70,5.70,5.70,5.70,5.70,5.70,5.70,5.70,5.70,5.70,5.70,5.70,5.70,5.70,5.70,5.70,5.70,5.70,5.70,5.70,5.70,5.70,5.70
AGENTE,DICELER,INGENIOSANCARLOS1,D,0.00,0.00,0.00,0.00,0.00,0.00,0.00,0.00,0.00,0.00,0.00,0.00,0.00,0.00,0.00,0.00,0.00,0.00,0.00,0.00,0.00,0.00,0.00,0.00
AGENTE,EEP(PEREIRA),NUEVOLIBARE,D,3.90,3.90,3.90,3.90,3.90,3.90,3.90,3.90,3.90,3.90,3.90,3.90,3.90,3.90,3.90,3.90,3.90,3.90,3.90,3.90,3.90,3.90,3.90,3.90
AGENTE,EEP(PEREIRA),BELMONTE,D,3.40,3.40,3.40,3.40,3.40,3.40,3.40,3.40,3.40,3.40,3.40,3.40,3.40,3.40,3.40,3.40,3.40,3.40,3.40,3.40,3.40,3.40,3.40,3.40
AGENTE,EEP(PEREIRA),INGENIORISARALDA1,D,15.00,15.00,15.00,15.00,15.00,15.00,15.00,15.00,15.00,15.00,15.00,15.00,15.00,15.00,15.00,15.00,15.00,15.00,15.00,15.00,15.00,15.00,15.00,15.00
AGENTE,EEPPM,ESMERALDA1,D,14,14,14,14,14,14,14,14,14,14,14,14,14,14,14,14,14,14,14,14,14,14,14,14
AGENTE,EEPPM,ESMERALDA2,D,14,14,14,14,14,14,14,14,14,14,14,14,14,14,14,14,14,14,14,14,14,14,14,14
AGENTE,EEPPM,GUATAPE1,D,70,70,70,70,70,70,70,70,70,70,70,70,70,70,70,70,70,70,70,70,70,70,70,70
AGENTE,EEPPM,GUATAPE2,D,70,70,70,70,70,70,70,70,70,70,70,70,70,70,70,70,70,70,70,70,70,70,70,70
AGENTE,EEPPM,GUATAPE3,D,70,70,70,70,70,70,70,70,70,70,70,70,70,70,70,70,70,70,70,70,70,70,70,70
AGENTE,EEPPM,GUATAPE4,D,70,70,70,70,70,70,70,70,70,70,70,70,70,70,70,70,70,70,70,70,70,70,70,70
AGENTE,EEPPM,GUATAPE5,D,70,70,70,70,70,70,70,70,70,70,70,70,70,70,70,70,70,70,70,70,70,70,70,70
AGENTE,EEPPM,GUATAPE6,D,70,70,70,70,70,70,70,70,70,70,70,70,70,70,70,70,70,70,70,70,70,70,70,70
AGENTE,EEPPM,GUATAPE7,D,70,70,70,70,70,70,70,70,70,70,70,70,70,70,70,70,70,70,70,70,70,70,70,70
AGENTE,EEPPM,GUATAPE8,D,70,70,70,70,70,70,70,70,70,70,70,70,70,70,70,70,70,70,70,70,70,70,70,70
AGENTE,EEPPM,GUATAPE,AGCP,560,560,560,560,560,560,560,560,560,560,560,560,560,560,560,560,560,560,560,560,560,560,560,560
AGENTE,EEPPM,GUATAPE1,AGCU,70,70,70,70,70,70,70,70,70,70,70,70,70,70,70,70,70,70,70,70,70,70,70,70
AGENTE,EEPPM,GUATAPE2,AGCU,70,70,70,70,70,70,70,70,70,70,70,70,70,70,70,70,70,70,70,70,70,70,70,70
AGENTE,EEPPM,GUATAPE3,AGCU,70,70,70,70,70,70,70,70,70,70,70,70,70,70,70,70,70,70,70,70,70,70,70,70
AGENTE,EEPPM,GUATAPE4,AGCU,70,70,70,70,70,70,70,70,70,70,70,70,70,70,70,70,70,70,70,70,70,70,70,70
AGENTE,EEPPM,GUATAPE5,AGCU,70,70,70,70,70,70,70,70,70,70,70,70,70,70,70,70,70,70,70,70,70,70,70,70
AGENTE,EEPPM,GUATAPE6,AGCU,70,70,70,70,70,70,70,70,70,70,70,70,70,70,70,70,70,70,70,70,70,70,70,70
AGENTE,EEPPM,GUATAPE7,AGCU,70,70,70,70,70,70,70,70,70,70,70,70,70,70,70,70,70,70,70,70,70,70,70,70
AGENTE,EEPPM,GUATAPE8,AGCU,70,70,70,70,70,70,70,70,70,70,70,70,70,70,70,70,70,70,70,70,70,70,70,70
AGENTE,EEPPM,LATASAJERA1,D,102,102,102,102,102,102,102,102,102,102,102,102,102,102,102,102,102,102,102,102,102,102,102,102
AGENTE,EEPPM,LATASAJERA2,D,102,102,102,102,102,102,102,102,102,102,102,102,102,102,102,102,102,102,102,102,102,102,102,102
AGENTE,EEPPM,LATASAJERA3,D,102,102,102,102,102,102,102,102,102,102,102,102,102,102,102,102,102,102,102,102,102,102,102,102
AGENTE,EEPPM,LATASAJERA,AGCP,0,0,0,0,0,0,0,0,0,0,0,0,0,0,0,0,0,0,0,0,0,0,0,0
AGENTE,EEPPM,LATASAJERA1,AGCU,102,102,102,102,102,102,102,102,102,102,102,102,102,102,102,102,102,102,102,102,102,102,102,102
AGENTE,EEPPM,LATASAJERA2,AGCU,102,102,102,102,102,102,102,102,102,102,102,102,102,102,102,102,102,102,102,102,102,102,102,102
AGENTE,EEPPM,LATASAJERA3,AGCU,102,102,102,102,102,102,102,102,102,102,102,102,102,102,102,102,102,102,102,102,102,102,102,102
AGENTE,EEPPM,PLAYAS1,D,0,0,0,0,0,0,0,0,0,0,0,0,0,0,0,0,0,0,0,0,0,0,0,0
AGENTE,EEPPM,PLAYAS2,D,69,69,69,69,69,69,69,69,69,69,69,69,69,69,69,69,69,69,69,69,69,69,69,69
AGENTE,EEPPM,PLAYAS3,D,0,0,0,0,0,0,0,0,0,0,0,0,0,0,0,0,0,0,0,0,0,0,0,0
AGENTE,EEPPM,SANFRANCISCO1,D,0,0,0,0,0,0,0,45,45,45,45,45,0,0,0,0,0,45,45,45,45,0,0,0
AGENTE,EEPPM,SANFRANCISCO2,D,0,0,0,0,0,0,0,45,45,45,45,45,0,0,0,0,0,0,45,45,45,0,0,0
AGENTE,EEPPM,SANFRANCISCO3,D,0,0,0,0,0,0,0,0,0,0,0,0,0,0,0,0,0,0,45,45,45,0,0,0
AGENTE,EEPPM,GUADALUPE31,D,45,45,45,45,45,45,45,45,45,45,45,45,45,45,45,45,45,45,45,45,45,45,45,45
AGENTE,EEPPM,GUADALUPE32,D,45,45,45,45,45,45,45,45,45,45,45,45,45,45,45,45,45,45,45,45,45,45,45,45
AGENTE,EEPPM,GUADALUPE33,D,0,0,0,0,0,0,0,0,0,0,0,0,0,0,0,0,0,0,0,0,0,0,0,0
AGENTE,EEPPM,GUADALUPE34,D,0,0,0,0,0,0,0,0,0,0,0,0,0,0,0,0,0,0,0,0,0,0,0,0
AGENTE,EEPPM,GUADALUPE35,D,0,0,0,0,0,0,0,0,0,0,0,0,0,0,0,0,0,0,0,0,0,0,0,0
AGENTE,EEPPM,GUADALUPE36,D,0,0,0,0,0,0,0,0,0,0,0,0,0,0,0,0,0,0,0,0,0,0,0,0
AGENTE,EEPPM,GUADALUPE41,D,67,67,67,67,67,67,67,67,67,67,67,67,67,67,67,67,67,67,67,67,67,67,67,67
AGENTE,EEPPM,GUADALUPE42,D,0,0,0,0,0,0,0,0,0,0,0,0,0,0,0,0,0,0,0,0,0,0,0,0
AGENTE,EEPPM,GUADALUPE43,D,0,0,0,0,0,0,0,0,0,0,0,0,0,0,0,0,0,0,0,0,0,0,0,0
AGENTE,EEPPM,TRONERAS1,D,20,20,20,20,20,20,20,20,20,20,20,20,20,20,20,20,20,20,20,20,20,20,20,20
AGENTE,EEPPM,TRONERAS2,D,20,20,20,20,20,20,20,20,20,20,20,20,20,20,20,20,20,20,20,20,20,20,20,20
AGENTE,EEPPM,GUATRON,MO,0,0,0,0,0,0,0,0,0,0,0,0,0,0,0,0,0,0,0,0,0,0,0,0
AGENTE,EEPPM,PORCEII1,D,135,135,135,135,135,135,135,135,135,135,135,135,135,135,135,135,135,135,135,135,135,135,135,135
AGENTE,EEPPM,PORCEII2,D,135,135,135,135,135,135,135,135,135,135,135,135,135,135,135,135,135,135,135,135,135,135,135,135
AGENTE,EEPPM,PORCEII3,D,135,135,135,135,135,135,135,135,135,135,135,135,135,135,135,135,135,135,135,135,135,135,135,135
AGENTE,EEPPM,PORCEII,AGCP,174,174,174,174,174,174,174,174,174,174,174,174,174,174,174,174,174,174,174,174,174,174,174,174
AGENTE,EEPPM,PORCEII1,AGCU,58,58,58,58,58,58,58,58,58,58,58,58,58,58,58,58,58,58,58,58,58,58,58,58
AGENTE,EEPPM,PORCEII2,AGCU,58,58,58,58,58,58,58,58,58,58,58,58,58,58,58,58,58,58,58,58,58,58,58,58
AGENTE,EEPPM,PORCEII3,AGCU,58,58,58,58,58,58,58,58,58,58,58,58,58,58,58,58,58,58,58,58,58,58,58,58
AGENTE,EEPPM,PORCEIII4,D,175,175,175,175,175,175,175,175,175,175,175,175,175,175,175,175,175,175,175,175,175,175,175,175
AGENTE,EEPPM,PORCEIII3,D,175,175,175,175,175,175,175,175,175,175,175,175,175,175,175,175,175,175,175,175,175,175,175,175
AGENTE,EEPPM,PORCEIII2,D,175,175,175,175,175,175,175,175,175,175,175,175,175,175,175,175,175,175,175,175,175,175,175,175
AGENTE,EEPPM,PORCEIII1,D,175,175,175,175,175,175,175,175,175,175,175,175,175,175,175,175,175,175,175,175,175,175,175,175
AGENTE,EEPPM,PORCEIII,AGCP,150,150,150,150,150,150,150,150,150,150,150,150,150,150,150,150,150,150,150,150,150,150,150,150
AGENTE,EEPPM,PORCEIII4,AGCU,50,50,50,50,50,50,50,50,50,50,50,50,50,50,50,50,50,50,50,50,50,50,50,50
AGENTE,EEPPM,PORCEIII3,AGCU,50,50,50,50,50,50,50,50,50,50,50,50,50,50,50,50,50,50,50,50,50,50,50,50
AGENTE,EEPPM,PORCEIII2,AGCU,50,50,50,50,50,50,50,50,50,50,50,50,50,50,50,50,50,50,50,50,50,50,50,50
AGENTE,EEPPM,TERMOSIERRAB,D,344,344,344,344,344,344,344,340,340,340,340,340,340,340,340,340,340,344,344,344,344,344,344,344
AGENTE,EEPPM,TERMOSIERRAB,CONF,9
AGENTE,EEPPM,TERMOSIERRAB,C,ACPM
AGENTE,EEPPM,TERMODORADA1,D,23,23,23,23,23,23,23,23,22,22,21,21,21,21,21,21,21,21,22,22,23,23,23,23
AGENTE,EEPPM,TERMODORADA1,CONF,3
AGENTE,EEPPM,TERMODORADA1,C,ACPM
AGENTE,EEPPM,INSULA1,D,6.00,6.00,6.00,6.00,6.00,6.00,6.00,6.00,6.00,6.00,6.00,6.00,6.00,6.00,6.00,6.00,6.00,6.00,6.00,6.00,6.00,6.00,6.00,6.00
AGENTE,EEPPM,INSULA2,D,0.00,0.00,0.00,0.00,0.00,0.00,0.00,0.00,0.00,0.00,0.00,0.00,0.00,0.00,0.00,0.00,0.00,0.00,0.00,0.00,0.00,0.00,0.00,0.00
AGENTE,EEPPM,INSULA3,D,7.00,7.00,7.00,7.00,7.00,7.00,7.00,7.00,7.00,7.00,7.00,7.00,7.00,7.00,7.00,7.00,7.00,7.00,7.00,7.00,7.00,7.00,7.00,7.00
AGENTE,EEPPM,LAHERRADURA1,D,9.30,9.30,9.30,9.30,9.30,9.30,9.30,9.30,9.30,9.30,9.30,9.30,9.30,9.30,9.30,9.30,9.30,9.30,9.30,9.30,9.30,9.30,9.30,9.30
AGENTE,EEPPM,LAHERRADURA2,D,9.30,9.30,9.30,9.30,9.30,9.30,9.30,9.30,9.30,9.30,9.30,9.30,9.30,9.30,9.30,9.30,9.30,9.30,9.30,9.30,9.30,9.30,9.30,9.30
AGENTE,EEPPM,AMERICA,D,0.41,0.41,0.41,0.41,0.41,0.41,0.41,0.41,0.41,0.41,0.41,0.41,0.41,0.41,0.41,0.41,0.41,0.41,0.41,0.41,0.41,0.41,0.41,0.41
AGENTE,EEPPM,AYURA,D,12.00,12.00,12.00,12.00,12.00,12.00,12.00,12.00,12.00,12.00,12.00,12.00,12.00,12.00,12.00,12.00,12.00,12.00,12.00,12.00,12.00,12.00,12.00,12.00
AGENTE,EEPPM,BELLO,D,0.35,0.35,0.35,0.35,0.35,0.35,0.35,0.35,0.35,0.35,0.35,0.35,0.35,0.35,0.35,0.35,0.35,0.35,0.35,0.35,0.35,0.35,0.35,0.35
AGENTE,EEPPM,CAMPESTRE(EPM),D,0.87,0.87,0.87,0.87,0.87,0.87,0.87,0.87,0.87,0.87,0.87,0.87,0.87,0.87,0.87,0.87,0.87,0.87,0.87,0.87,0.87,0.87,0.87,0.87
AGENTE,EEPPM,MANANTIALES,D,3.15,3.15,3.15,3.15,3.15,3.15,3.15,3.15,3.15,3.15,3.15,3.15,3.15,3.15,3.15,3.15,3.15,3.15,3.15,3.15,3.15,3.15,3.15,3.15
AGENTE,EEPPM,CEMENTOSDELNARE,D,4.50,4.50,4.50,4.50,4.50,4.50,4.50,4.50,4.50,4.50,4.50,4.50,4.50,4.50,4.50,4.50,4.50,4.50,4.50,4.50,4.50,4.50,4.50,4.50
AGENTE,EEPPM,LAVUELTA,D,10.50,10.50,10.50,10.50,10.50,10.50,10.50,10.50,10.50,10.50,10.50,10.50,10.50,10.50,10.50,10.50,10.50,10.50,10.50,10.50,10.50,10.50,10.50,10.50
AGENTE,EEPPM,CARACOLI,D,2.50,2.50,2.50,2.50,2.50,2.50,2.50,2.50,2.50,2.50,2.50,2.50,2.50,2.50,2.50,2.50,2.50,2.50,2.50,2.50,2.50,2.50,2.50,2.50
AGENTE,EEPPM,RIOGRANDEI,D,0.00,0.00,0.00,0.00,0.00,0.00,0.00,0.00,0.00,0.00,0.00,0.00,0.00,0.00,0.00,0.00,0.00,0.00,0.00,0.00,0.00,0.00,0.00,0.00
AGENTE,EEPPM,SONSON,D,10.50,10.50,10.50,10.50,10.50,10.50,10.50,10.50,10.50,10.50,10.50,10.50,10.50,10.50,10.50,10.50,10.50,10.50,10.50,10.50,10.50,10.50,10.50,10.50
AGENTE,EEPPM,PIEDRASBLANCAS,D,0.00,0.00,0.00,0.00,0.00,0.00,0.00,0.00,0.00,0.00,0.00,0.00,0.00,0.00,0.00,0.00,0.00,0.00,0.00,0.00,0.00,0.00,0.00,0.00
AGENTE,EEPPM,SANJOSEDELAMONTAÑA,D,0.40,0.40,0.40,0.40,0.40,0.40,0.40,0.40,0.40,0.40,0.40,0.40,0.40,0.40,0.40,0.40,0.40,0.40,0.40,0.40,0.40,0.40,0.40,0.40
AGENTE,EEPPM,AMALFI,D,0.81,0.81,0.81,0.81,0.81,0.81,0.81,0.81,0.81,0.81,0.81,0.81,0.81,0.81,0.81,0.81,0.81,0.81,0.81,0.81,0.81,0.81,0.81,0.81
AGENTE,EEPPM,RIOFRIO(TAMESIS),D,0.73,0.73,0.73,0.73,0.73,0.73,0.73,0.73,0.73,0.73,0.73,0.73,0.73,0.73,0.73,0.73,0.73,0.73,0.73,0.73,0.73,0.73,0.73,0.73
AGENTE,EEPPM,GUACAICA,D,0.00,0.00,0.00,0.00,0.00,0.00,0.00,0.00,0.00,0.00,0.00,0.00,0.00,0.00,0.00,0.00,0.00,0.00,0.00,0.00,0.00,0.00,0.00,0.00
AGENTE,EEPPM,INTERMEDIA,D,0.00,0.00,0.00,0.00,0.00,0.00,0.00,0.00,0.00,0.00,0.00,0.00,0.00,0.00,0.00,0.00,0.00,0.00,0.00,0.00,0.00,0.00,0.00,0.00
AGENTE,EEPPM,SANCANCIO,D,1.55,1.55,1.55,1.55,1.55,1.55,1.55,1.55,1.55,1.55,1.55,1.55,1.55,1.55,1.55,1.55,1.55,1.55,1.55,1.55,1.55,1.55,1.55,1.55
AGENTE,EEPPM,NIQUIA,D,12.50,12.50,12.50,12.50,12.50,12.50,12.50,12.50,12.50,12.50,12.50,12.50,12.50,12.50,12.50,12.50,12.50,12.50,12.50,12.50,12.50,12.50,12.50,12.50
AGENTE,EEPPM,NUTIBARA,D,0.75,0.75,0.75,0.75,0.75,0.75,0.75,0.75,0.75,0.75,0.75,0.75,0.75,0.75,0.75,0.75,0.75,0.75,0.75,0.75,0.75,0.75,0.75,0.75
AGENTE,EEPPM,RIOABAJO,D,0.00,0.00,0.00,0.00,0.00,0.00,0.00,0.00,0.00,0.00,0.00,0.00,0.00,0.00,0.00,0.00,0.00,0.00,0.00,0.00,0.00,0.00,0.00,0.00
AGENTE,EEPPM,CASCADA,D,0.00,0.00,0.00,0.00,0.00,0.00,0.00,0.00,0.00,0.00,0.00,0.00,0.00,0.00,0.00,0.00,0.00,0.00,0.00,0.00,0.00,0.00,0.00,0.00
AGENTE,EEPPM,PAJARITO,D,2.70,2.70,2.70,2.70,2.70,2.70,2.70,2.70,2.70,2.70,2.70,2.70,2.70,2.70,2.70,2.70,2.70,2.70,2.70,2.70,2.70,2.70,2.70,2.70
AGENTE,EEPPM,PALMASSANGIL,D,0.00,0.00,0.00,0.00,0.00,0.00,0.00,0.00,0.00,0.00,0.00,0.00,0.00,0.00,0.00,0.00,0.00,0.00,0.00,0.00,0.00,0.00,0.00,0.00
AGENTE,EEPPM,RIOGRANDE,D,0.30,0.30,0.30,0.30,0.30,0.30,0.30,0.30,0.30,0.30,0.30,0.30,0.30,0.30,0.30,0.30,0.30,0.30,0.30,0.30,0.30,0.30,0.30,0.30
AGENTE,EEPPM,MUNICIPAL,D,1.23,1.23,1.23,1.23,1.23,1.23,1.23,1.23,1.23,1.23,1.23,1.23,1.23,1.23,1.23,1.23,1.23,1.23,1.23,1.23,1.23,1.23,1.23,1.23
AGENTE,EEPPM,PORCEIIIMENOR,D,1.00,1.00,1.00,1.00,1.00,1.00,1.00,1.00,1.00,1.00,1.00,1.00,1.00,1.00,1.00,1.00,1.00,1.00,1.00,1.00,1.00,1.00,1.00,1.00
AGENTE,EEPPM,COGENERADORCOLTEJER1,D,0.00,0.00,0.00,0.00,0.00,0.00,0.00,0.00,0.00,0.00,0.00,0.00,0.00,0.00,0.00,0.00,0.00,0.00,0.00,0.00,0.00,0.00,0.00,0.00
AGENTE,EEPPM,JEPIRACHI1-15,D,0.00,0.00,0.00,0.00,0.00,0.00,0.00,0.00,0.00,1.00,0.00,1.00,1.26,1.59,2.43,2.35,2.06,1.96,1.08,1.00,1.00,1.00,1.00,1.00
AGENTE,ELECTROHUILA,IQUIRAI,D,1.30,1.30,1.30,1.30,1.08,1.30,1.08,1.30,1.08,1.30,1.08,1.30,1.08,1.08,1.30,1.30,1.08,1.30,1.30,1.30,1.30,1.30,1.08,1.30
AGENTE,ELECTROHUILA,IQUIRAII,D,0.00,0.00,0.00,0.00,0.00,0.00,0.00,0.00,0.00,0.00,0.00,0.00,0.00,0.00,0.00,0.00,0.00,0.00,0.00,0.00,0.00,0.00,0.00,0.00
AGENTE,ELECTROHUILA,LAPITA,D,0.00,0.00,0.00,0.00,0.00,0.00,0.00,0.00,0.00,0.00,0.00,0.00,0.00,0.00,0.00,0.00,0.00,0.00,0.00,0.00,0.00,0.00,0.00,0.00
AGENTE,EMEE(POPAYAN),COCONUCO,D,1.90,1.90,1.90,1.90,1.90,1.90,1.90,1.90,1.90,1.90,1.90,1.90,1.91,1.90,1.90,1.90,1.90,1.90,1.90,1.90,1.90,1.90,1.90,1.90
AGENTE,EMGESAS.A.,BETANIA1,D,152,152,152,152,152,152,152,152,152,152,152,152,152,152,152,152,152,152,152,152,152,152,152,152
AGENTE,EMGESAS.A.,BETANIA2,D,152,152,152,152,152,152,152,152,152,152,152,152,152,152,152,152,152,152,152,152,152,152,152,152
AGENTE,EMGESAS.A.,BETANIA3,D,152,152,152,152,152,152,152,152,152,152,152,152,152,152,152,152,152,152,152,152,152,152,152,152
AGENTE,EMGESAS.A.,BETANIA,AGCP,184,184,184,184,184,184,184,184,184,184,184,184,184,184,184,184,184,184,184,184,184,184,184,184
AGENTE,EMGESAS.A.,BETANIA2,AGCU,92,92,92,92,92,92,92,92,92,92,92,92,92,92,92,92,92,92,92,92,92,92,92,92
AGENTE,EMGESAS.A.,BETANIA3,AGCU,92,92,92,92,92,92,92,92,92,92,92,92,92,92,92,92,92,92,92,92,92,92,92,92
AGENTE,EMGESAS.A.,BETANIA,MO,60,60,60,60,60,60,60,60,60,60,60,60,60,60,60,60,60,60,60,60,60,60,60,60
AGENTE,EMGESAS.A.,GUAVIO1,D,243,243,243,243,243,243,243,243,243,243,243,243,243,243,243,243,243,243,243,243,243,243,243,243
AGENTE,EMGESAS.A.,GUAVIO2,D,243,243,243,243,243,243,243,243,243,243,243,243,243,243,243,243,243,243,243,243,243,243,243,243
AGENTE,EMGESAS.A.,GUAVIO3,D,243,243,243,243,243,243,243,243,243,243,243,243,243,243,243,243,243,243,243,243,243,243,243,243
AGENTE,EMGESAS.A.,GUAVIO4,D,243,243,243,243,243,243,243,243,243,243,243,243,243,243,243,243,243,243,243,243,243,243,243,243
AGENTE,EMGESAS.A.,GUAVIO5,D,243,243,243,243,243,243,243,243,243,243,243,243,243,243,243,243,243,243,243,243,243,243,243,243
AGENTE,EMGESAS.A.,GUAVIO,AGCP,0,0,0,0,0,0,0,0,0,0,0,0,0,0,0,0,0,0,0,0,0,0,0,0
AGENTE,EMGESAS.A.,GUAVIO1,AGCU,183,183,183,183,183,183,183,183,183,183,183,183,183,183,183,183,183,183,183,183,183,183,183,183
AGENTE,EMGESAS.A.,GUAVIO2,AGCU,183,183,183,183,183,183,183,183,183,183,183,183,183,183,183,183,183,183,183,183,183,183,183,183
AGENTE,EMGESAS.A.,GUAVIO3,AGCU,183,183,183,183,183,183,183,183,183,183,183,183,183,183,183,183,183,183,183,183,183,183,183,183
AGENTE,EMGESAS.A.,GUAVIO4,AGCU,183,183,183,183,183,183,183,183,183,183,183,183,183,183,183,183,183,183,183,183,183,183,183,183
AGENTE,EMGESAS.A.,GUAVIO5,AGCU,183,183,183,183,183,183,183,183,183,183,183,183,183,183,183,183,183,183,183,183,183,183,183,183
AGENTE,EMGESAS.A.,LAGUACA1,D,108,108,108,108,108,108,108,108,108,108,108,108,108,108,108,108,108,108,108,108,108,108,108,108
AGENTE,EMGESAS.A.,LAGUACA2,D,108,108,108,108,108,108,108,108,108,108,108,108,108,108,108,108,108,108,108,108,108,108,108,108
AGENTE,EMGESAS.A.,LAGUACA3,D,108,108,108,108,108,108,108,108,108,108,108,108,108,108,108,108,108,108,108,108,108,108,108,108
AGENTE,EMGESAS.A.,PARAISO1,D,92,92,92,92,92,92,92,92,92,92,92,92,92,92,92,92,92,92,92,92,92,92,92,92
AGENTE,EMGESAS.A.,PARAISO2,D,92,92,92,92,92,92,92,92,92,92,92,92,92,92,92,92,92,92,92,92,92,92,92,92
AGENTE,EMGESAS.A.,PARAISO3,D,92,92,92,92,92,92,92,92,92,92,92,92,92,92,92,92,92,92,92,92,92,92,92,92
AGENTE,EMGESAS.A.,PAGUA,AGCP,0,0,0,0,0,0,0,0,0,0,0,0,0,0,0,0,0,0,0,0,0,0,0,0
AGENTE,EMGESAS.A.,LAGUACA1,AGCU,68,68,68,68,68,68,0,0,0,0,0,0,0,0,0,0,0,0,68,68,68,68,68,68
AGENTE,EMGESAS.A.,LAGUACA2,AGCU,68,68,68,68,68,68,68,68,68,68,68,68,68,68,68,68,68,68,68,68,68,68,68,68
AGENTE,EMGESAS.A.,PARAISO1,AGCU,58,58,58,58,58,58,0,0,0,0,0,0,0,0,0,0,0,0,58,58,58,58,58,58
AGENTE,EMGESAS.A.,PARAISO3,AGCU,58,58,58,58,58,58,58,58,58,58,58,58,58,58,58,58,58,58,58,58,58,58,58,58
AGENTE,EMGESAS.A.,PARAISO1,PRU,0,0,0,0,0,0,6,6,6,6,6,6,4,4,12,12,12,12,0,0,0,0,0,0
AGENTE,EMGESAS.A.,ELQUIMBO1,D,177,177,177,177,177,177,177,177,177,177,177,177,177,177,177,177,177,177,177,177,177,177,177,177
AGENTE,EMGESAS.A.,ELQUIMBO2,D,177,177,177,177,177,177,177,177,177,177,177,177,177,177,177,177,177,177,177,177,177,177,177,177
AGENTE,EMGESAS.A.,ELQUIMBO,AGCP,0,0,0,0,0,0,0,0,0,0,0,0,0,0,0,0,0,0,0,0,0,0,0,0
AGENTE,EMGESAS.A.,ELQUIMBO1,AGCU,0,0,0,0,0,0,0,0,0,0,0,0,0,0,0,0,0,0,0,0,0,0,0,0
AGENTE,EMGESAS.A.,ELQUIMBO2,AGCU,0,0,0,0,0,0,0,0,0,0,0,0,0,0,0,0,0,0,0,0,0,0,0,0
AGENTE,EMGESAS.A.,ELQUIMBO,MO,85,85,85,85,85,85,85,85,85,85,85,85,85,85,85,85,85,85,85,85,85,85,85,85
AGENTE,EMGESAS.A.,DARIOVALENCIASAMPER1,D,50,0,0,0,0,0,0,50,50,50,50,50,50,50,50,50,50,50,50,50,50,50,50,50
AGENTE,EMGESAS.A.,DARIOVALENCIASAMPER2,D,50,0,0,0,0,0,0,50,50,50,50,50,50,50,50,50,50,50,50,50,50,50,50,50
AGENTE,EMGESAS.A.,DARIOVALENCIASAMPER5,D,50,0,0,0,0,0,0,50,50,50,50,50,50,50,50,50,50,50,50,50,50,50,50,50
AGENTE,EMGESAS.A.,SALTOII2,D,35,0,0,0,0,0,0,35,35,35,35,35,35,35,35,35,35,35,35,35,35,35,35,35
AGENTE,EMGESAS.A.,CARTAGENA1,D,61,61,61,61,61,61,61,61,61,61,61,61,61,61,61,61,61,61,61,61,61,61,61,61
AGENTE,EMGESAS.A.,CARTAGENA1,CONF,1
AGENTE,EMGESAS.A.,CARTAGENA1,C,COMBUSTOLEO
AGENTE,EMGESAS.A.,CARTAGENA2,D,60,60,60,60,60,60,60,60,60,60,60,60,60,60,60,60,60,60,60,60,60,60,60,60
AGENTE,EMGESAS.A.,CARTAGENA2,CONF,1
AGENTE,EMGESAS.A.,CARTAGENA2,C,COMBUSTOLEO
AGENTE,EMGESAS.A.,CARTAGENA3,D,66,66,66,66,66,66,66,66,66,66,66,66,66,66,66,66,66,66,66,66,66,66,66,66
AGENTE,EMGESAS.A.,CARTAGENA3,CONF,1
AGENTE,EMGESAS.A.,CARTAGENA3,C,COMBUSTOLEO
AGENTE,EMGESAS.A.,ZIPAEMG2,D,34,34,34,34,34,34,34,34,34,34,34,34,34,34,34,34,34,34,34,34,34,34,34,34
AGENTE,EMGESAS.A.,ZIPAEMG2,CONF,1
AGENTE,EMGESAS.A.,ZIPAEMG2,C,CARBON
AGENTE,EMGESAS.A.,ZIPAEMG3,D,63,63,63,63,63,63,63,63,63,63,63,63,63,63,63,63,63,63,63,63,63,63,63,63
AGENTE,EMGESAS.A.,ZIPAEMG3,CONF,1
AGENTE,EMGESAS.A.,ZIPAEMG3,C,CARBON
AGENTE,EMGESAS.A.,ZIPAEMG4,D,64,64,64,64,64,64,64,64,64,64,64,64,64,64,64,64,64,64,64,64,64,64,64,64
AGENTE,EMGESAS.A.,ZIPAEMG4,CONF,1
AGENTE,EMGESAS.A.,ZIPAEMG4,C,CARBON
AGENTE,EMGESAS.A.,ZIPAEMG5,D,63,63,63,63,63,63,63,63,63,63,63,63,63,63,63,63,63,63,63,63,63,63,63,63
AGENTE,EMGESAS.A.,ZIPAEMG5,CONF,1
AGENTE,EMGESAS.A.,ZIPAEMG5,C,CARBON
AGENTE,EMGESAS.A.,CANTAYUS1,D,2.16,2.16,2.16,2.16,2.16,2.16,2.16,2.16,2.16,2.16,2.16,2.16,2.16,2.16,2.16,2.16,2.16,2.16,2.16,2.16,2.16,2.16,2.16,2.16
AGENTE,EMGESAS.A.,CANTAYUS2,D,2.16,2.16,2.16,2.16,2.16,2.16,2.16,2.16,2.16,2.16,2.16,2.16,2.16,2.16,2.16,2.16,2.16,2.16,2.16,2.16,2.16,2.16,2.16,2.16
AGENTE,EMGESAS.A.,CHARQUITO,D,19.40,19.40,19.40,19.40,19.40,19.40,19.40,19.40,19.40,19.40,19.40,19.40,19.40,19.40,19.40,19.40,19.40,19.40,19.40,19.40,19.40,19.40,19.40,19.40
AGENTE,EMGESAS.A.,ELLIMONAR,D,18.00,18.00,18.00,18.00,18.00,18.00,18.00,18.00,18.00,18.00,18.00,18.00,18.00,18.00,18.00,18.00,18.00,18.00,18.00,18.00,18.00,18.00,18.00,18.00
AGENTE,EMGESAS.A.,TEQUENDAMA,D,19.00,19.00,19.00,19.00,19.00,19.00,19.00,19.00,19.00,19.00,19.00,19.00,19.00,19.00,19.00,19.00,19.00,19.00,19.00,19.00,19.00,19.00,19.00,19.00
AGENTE,EMGESAS.A.,RIONEGRO,D,2.00,2.00,2.00,2.00,2.00,2.00,2.00,2.00,2.00,2.00,2.00,2.00,2.00,2.00,2.00,2.00,2.00,2.00,2.00,2.00,2.00,2.00,2.00,2.00
AGENTE,EMGESAS.A.,SANTAANA,D,0.00,0.00,0.00,0.00,0.00,0.00,0.00,0.00,0.00,0.00,0.00,0.00,0.00,0.00,0.00,0.00,0.00,0.00,0.00,0.00,0.00,0.00,0.00,0.00
AGENTE,EMGESAS.A.,SUBA,D,2.34,2.34,2.34,2.34,2.34,2.34,2.34,2.34,2.34,2.34,2.34,2.34,2.34,2.34,2.34,2.34,2.34,2.34,2.34,2.34,2.34,2.34,2.34,2.34
AGENTE,EMGESAS.A.,USAQUEN,D,0.00,0.00,0.00,0.00,0.00,0.00,0.00,0.00,0.00,0.00,0.00,0.00,0.00,0.00,0.00,0.00,0.00,0.00,0.00,0.00,0.00,0.00,0.00,0.00
AGENTE,EMGESAS.A.,LAGUNETA,D,18.00,18.00,18.00,18.00,18.00,18.00,18.00,18.00,18.00,18.00,18.00,18.00,18.00,18.00,18.00,18.00,18.00,18.00,18.00,18.00,18.00,18.00,18.00,18.00
AGENTE,EMGESAS.A.,GUAVIOMENOR,D,5.00,5.00,5.00,5.00,5.00,5.00,5.00,5.00,5.00,5.00,5.00,5.00,5.00,5.00,5.00,5.00,5.00,5.00,5.00,5.00,5.00,5.00,5.00,5.00
AGENTE,EMGESAS.A.,AUTOGREFICAR,D,9.00,9.00,9.00,9.00,9.00,9.00,9.00,9.00,9.00,9.00,9.00,9.00,9.00,9.00,9.00,9.00,9.00,9.00,9.00,9.00,9.00,9.00,9.00,9.00
AGENTE,EMSA(META),AUTOGYAGUARITO,D,0.44,0.57,0.65,0.63,0.46,0.50,0.46,0.50,0.50,0.53,0.50,0.53,0.49,0.50,0.47,0.53,0.53,0.55,0.63,0.59,0.56,0.59,0.50,0.44
AGENTE,ENERCO,PUENTEGUILLERMO,D,1.00,1.00,1.00,1.00,1.00,1.00,1.00,1.00,1.00,1.00,1.00,1.00,1.00,1.00,1.00,1.00,1.00,1.00,1.00,1.00,1.00,1.00,1.00,1.00
AGENTE,ENERCO,LACASCADA(ABEJORRAL),D,0.00,0.00,0.00,0.00,0.00,0.00,0.00,0.00,0.00,0.00,0.00,0.00,0.00,0.00,0.00,0.00,0.00,0.00,0.00,0.00,0.00,0.00,0.00,0.00
AGENTE,ENERCO,SANTARITA,D,0.00,0.00,0.00,0.00,0.00,0.00,0.00,0.00,0.00,0.00,0.00,0.00,0.00,0.00,0.00,0.00,0.00,0.00,0.00,0.00,0.00,0.00,0.00,0.00
AGENTE,ENERCO,TEQUENDAMABIOGAS,D,1.50,1.50,1.50,1.50,1.50,1.50,1.50,1.50,1.50,1.50,1.50,1.50,1.50,1.50,1.50,1.50,1.50,1.50,1.50,1.50,1.50,1.50,1.50,1.50
AGENTE,ENERGETICA,COELLO,D,1.00,1.00,1.00,1.00,1.00,1.00,1.00,1.00,1.00,1.00,1.00,1.00,1.00,1.00,1.00,1.00,1.00,1.00,1.00,1.00,1.00,1.00,1.00,1.00
AGENTE,ENERGIARIOPIEDRAS,AGUAFRESCA,D,7.29,7.29,7.29,7.29,7.29,7.29,7.29,7.29,7.29,7.29,7.29,7.29,7.29,7.29,7.29,7.29,7.29,7.29,7.29,7.29,7.29,7.29,7.29,7.29
AGENTE,ENREVSAE.S.P.,ELBOSQUE,D,1.60,1.60,1.60,1.60,1.60,1.60,1.60,1.60,1.60,1.60,1.60,1.60,1.60,1.60,1.60,1.60,1.60,1.60,1.60,1.60,1.60,1.60,1.60,1.60
AGENTE,EPSA(PACIFICO),CALIMA1,D,33,33,33,33,33,33,33,33,33,33,33,33,33,33,33,33,33,33,33,33,33,33,33,33
AGENTE,EPSA(PACIFICO),CALIMA2,D,33,33,33,33,33,33,33,33,33,33,33,33,33,33,33,33,33,33,33,33,33,33,33,33
AGENTE,EPSA(PACIFICO),CALIMA3,D,33,33,33,33,33,33,33,33,33,33,33,33,33,33,33,33,33,33,33,33,33,33,33,33
AGENTE,EPSA(PACIFICO),CALIMA4,D,33,33,33,33,33,33,33,33,33,33,33,33,33,33,33,33,33,33,33,33,33,33,33,33
AGENTE,EPSA(PACIFICO),CALIMA,AGCP,68,68,68,68,68,68,68,68,68,68,68,68,68,68,68,68,68,68,68,68,68,68,68,68
AGENTE,EPSA(PACIFICO),CALIMA1,AGCU,17,17,17,17,17,17,17,17,17,17,17,17,17,17,17,17,17,17,17,17,17,17,17,17
AGENTE,EPSA(PACIFICO),CALIMA2,AGCU,17,17,17,17,17,17,17,17,17,17,17,17,17,17,17,17,17,17,17,17,17,17,17,17
AGENTE,EPSA(PACIFICO),CALIMA3,AGCU,17,17,17,17,17,17,17,17,17,17,17,17,17,17,17,17,17,17,17,17,17,17,17,17
AGENTE,EPSA(PACIFICO),CALIMA4,AGCU,17,17,17,17,17,17,17,17,17,17,17,17,17,17,17,17,17,17,17,17,17,17,17,17
AGENTE,EPSA(PACIFICO),PRADO1,D,15,15,15,15,15,15,15,15,15,15,15,15,15,15,15,15,15,15,15,15,15,15,15,15
AGENTE,EPSA(PACIFICO),PRADO2,D,16,16,16,16,16,16,16,16,16,16,16,16,16,16,16,16,16,16,16,16,16,16,16,16
AGENTE,EPSA(PACIFICO),PRADO3,D,15,15,15,15,15,15,15,15,15,15,15,15,15,15,15,15,15,15,15,15,15,15,15,15
AGENTE,EPSA(PACIFICO),SALVAJINA1,D,0,0,0,0,0,0,0,0,0,0,0,0,0,0,0,0,0,0,0,0,0,0,0,0
AGENTE,EPSA(PACIFICO),SALVAJINA2,D,95,95,95,95,95,95,95,95,95,95,95,95,95,95,95,95,95,95,95,95,95,95,95,95
AGENTE,EPSA(PACIFICO),SALVAJINA3,D,95,95,95,95,95,95,95,95,95,95,95,95,95,95,95,95,95,95,95,95,95,95,95,95
AGENTE,EPSA(PACIFICO),SALVAJINA,AGCP,0,0,0,0,0,0,0,0,0,0,0,0,0,0,0,0,0,0,0,0,0,0,0,0
AGENTE,EPSA(PACIFICO),SALVAJINA1,AGCU,0,0,0,0,0,0,0,0,0,0,0,0,0,0,0,0,0,0,0,0,0,0,0,0
AGENTE,EPSA(PACIFICO),SALVAJINA2,AGCU,0,0,0,0,0,0,0,0,0,0,0,0,0,0,0,0,0,0,0,0,0,0,0,0
AGENTE,EPSA(PACIFICO),SALVAJINA3,AGCU,0,0,0,0,0,0,0,0,0,0,0,0,0,0,0,0,0,0,0,0,0,0,0,0
AGENTE,EPSA(PACIFICO),SALVAJINA,MO,190,190,190,190,190,190,190,190,190,190,190,190,190,190,190,190,190,190,190,190,190,190,190,190
AGENTE,EPSA(PACIFICO),ALTOANCHICAYA1,D,115,115,115,115,115,115,115,115,115,115,115,115,115,115,115,115,115,115,115,115,115,115,115,115
AGENTE,EPSA(PACIFICO),ALTOANCHICAYA2,D,120,120,120,120,120,120,120,120,120,120,120,120,120,120,120,120,120,120,120,120,120,120,120,120
AGENTE,EPSA(PACIFICO),ALTOANCHICAYA3,D,120,120,120,120,120,120,120,120,120,120,120,120,120,120,120,120,120,120,120,120,120,120,120,120
AGENTE,EPSA(PACIFICO),BAJOANCHICAYA1,D,0,0,0,0,0,0,0,0,0,0,0,0,0,0,0,0,0,0,0,0,0,0,0,0
AGENTE,EPSA(PACIFICO),BAJOANCHICAYA2,D,0,0,0,0,0,0,0,0,0,0,0,0,0,0,0,0,0,0,0,0,0,0,0,0
AGENTE,EPSA(PACIFICO),BAJOANCHICAYA3,D,0,0,0,0,0,0,0,0,0,0,0,0,0,0,0,0,0,0,0,0,0,0,0,0
AGENTE,EPSA(PACIFICO),BAJOANCHICAYA4,D,0,0,0,0,0,0,0,0,0,0,0,0,0,0,0,0,0,0,0,0,0,0,0,0
AGENTE,EPSA(PACIFICO),ALBAN,AGCP,264,264,264,264,264,264,0,0,0,0,0,0,0,0,0,0,0,0,0,0,0,0,0,264
AGENTE,EPSA(PACIFICO),ALTOANCHICAYA1,AGCU,85,85,85,85,85,85,0,0,0,0,0,0,0,0,0,0,0,0,0,0,0,0,0,85
AGENTE,EPSA(PACIFICO),ALTOANCHICAYA2,AGCU,90,90,90,90,90,90,0,0,0,0,0,0,0,0,0,0,0,0,0,0,0,0,0,90
AGENTE,EPSA(PACIFICO),ALTOANCHICAYA3,AGCU,90,90,90,90,90,90,0,0,0,0,0,0,0,0,0,0,0,0,0,0,0,0,0,90
AGENTE,EPSA(PACIFICO),BAJOANCHICAYA1,AGCU,0,0,0,0,0,0,0,0,0,0,0,0,0,0,0,0,0,0,0,0,0,0,0,0
AGENTE,EPSA(PACIFICO),BAJOANCHICAYA2,AGCU,0,0,0,0,0,0,0,0,0,0,0,0,0,0,0,0,0,0,0,0,0,0,0,0
AGENTE,EPSA(PACIFICO),BAJOANCHICAYA3,AGCU,0,0,0,0,0,0,0,0,0,0,0,0,0,0,0,0,0,0,0,0,0,0,0,0
AGENTE,EPSA(PACIFICO),BAJOANCHICAYA4,AGCU,0,0,0,0,0,0,0,0,0,0,0,0,0,0,0,0,0,0,0,0,0,0,0,0
AGENTE,EPSA(PACIFICO),ALBAN,MO,0,0,0,0,0,0,0,0,0,0,0,0,0,0,0,0,0,0,0,0,0,0,0,0
AGENTE,EPSA(PACIFICO),CUCUANA1,D,15,15,15,15,15,15,15,15,15,15,15,15,15,15,15,15,15,15,15,15,15,15,15,15
AGENTE,EPSA(PACIFICO),CUCUANA2,D,15,15,15,15,15,15,15,15,15,15,15,15,15,15,15,15,15,15,15,15,15,15,15,15
AGENTE,EPSA(PACIFICO),PRADO4,D,5.00,5.00,5.00,5.00,5.00,5.00,5.00,5.00,5.00,5.00,5.00,5.00,5.00,5.00,5.00,5.00,5.00,5.00,5.00,5.00,5.00,5.00,5.00,5.00
AGENTE,EPSA(PACIFICO),RIOCALI1,D,0.00,0.00,0.00,0.00,0.00,0.00,0.00,0.00,0.00,0.00,0.00,0.00,0.00,0.00,0.00,0.00,0.00,0.00,0.00,0.00,0.00,0.00,0.00,0.00
AGENTE,EPSA(PACIFICO),RIOCALI2,D,0.00,0.00,0.00,0.00,0.00,0.00,0.00,0.00,0.00,0.00,0.00,0.00,0.00,0.00,0.00,0.00,0.00,0.00,0.00,0.00,0.00,0.00,0.00,0.00
AGENTE,EPSA(PACIFICO),BAJOTULUA1,D,7.00,8.00,8.00,8.00,8.00,7.00,7.00,7.00,7.00,7.00,7.00,7.00,7.00,6.00,6.00,7.00,7.00,9.00,7.00,0.00,0.00,0.00,0.00,0.00
AGENTE,EPSA(PACIFICO),BAJOTULUA2,D,7.00,8.00,8.00,8.00,8.00,7.00,7.00,7.00,7.00,7.00,7.00,7.00,7.00,6.00,6.00,7.00,7.00,9.00,7.00,0.00,0.00,0.00,0.00,0.00
AGENTE,EPSA(PACIFICO),ALTOTULUA1,D,4.00,4.00,4.00,4.00,4.00,4.00,4.00,4.00,4.00,4.00,4.00,4.00,4.00,4.00,4.00,4.00,5.00,3.00,0.00,0.00,0.00,0.00,0.00,0.00
AGENTE,EPSA(PACIFICO),ALTOTULUA2,D,4.00,4.00,4.00,4.00,4.00,4.00,4.00,4.00,4.00,4.00,4.00,4.00,4.00,4.00,4.00,4.00,5.00,3.00,0.00,0.00,0.00,0.00,0.00,0.00
AGENTE,EPSA(PACIFICO),NIMA,D,5.00,5.00,5.00,5.00,5.00,5.00,5.00,5.00,5.00,5.00,5.00,5.00,5.00,5.00,4.00,4.00,5.00,5.00,5.00,5.00,5.00,5.00,5.00,5.00
AGENTE,EPSA(PACIFICO),AMAIME,D,9.00,9.00,9.00,9.00,9.00,9.00,9.00,9.00,9.00,9.00,9.00,9.00,9.00,9.00,9.00,9.00,9.00,9.00,9.00,9.00,9.00,9.00,9.00,9.00
AGENTE,EPSA(PACIFICO),MAYAGUEZ1,D,3.00,3.00,3.00,3.00,3.00,3.00,3.00,3.00,3.00,3.00,3.00,3.00,3.00,3.00,3.00,3.00,3.00,3.00,3.00,3.00,3.00,3.00,3.00,3.00
AGENTE,EPSA(PACIFICO),INGENIOMANUELITA,D,0.00,0.00,0.00,0.00,0.00,0.00,0.00,0.00,0.00,0.00,0.00,0.00,0.00,0.00,0.00,0.00,0.00,0.00,0.00,0.00,0.00,0.00,0.00,0.00
AGENTE,EPSA(PACIFICO),CELSIASOLARYUMBO,D,0.00,0.00,0.00,0.00,0.00,0.00,0.00,1.00,2.00,3.00,2.00,6.00,2.00,4.00,3.00,2.00,0.00,0.00,0.00,0.00,0.00,0.00,0.00,0.00
AGENTE,ESSA(SANTANDER),COROZO1,D,0.00,0.00,0.00,0.00,0.00,0.00,0.00,0.00,0.00,0.00,0.00,0.00,0.00,0.00,0.00,0.00,0.00,0.00,0.00,0.00,0.00,0.00,0.00,0.00
AGENTE,GECS.A.E.S.P.,SANJOSE,D,0.00,0.00,0.00,0.00,0.00,0.00,0.00,0.00,0.00,0.00,0.00,0.00,0.00,0.00,0.00,0.00,0.00,0.00,0.00,0.00,0.00,0.00,0.00,0.00
AGENTE,GECELCAS.A.E.S.P,GUAJIRA1,D,145,145,145,145,145,145,145,145,145,145,145,145,145,145,145,145,145,145,145,145,145,145,145,145
AGENTE,GECELCAS.A.E.S.P,GUAJIRA1,CONF,7
AGENTE,GECELCAS.A.E.S.P,GUAJIRA1,C,MEZCLAGAS-CARBÓN
AGENTE,GECELCAS.A.E.S.P,GUAJIRA2,D,145,145,145,145,145,145,145,145,145,145,145,145,145,145,145,145,145,145,145,145,145,145,145,145
AGENTE,GECELCAS.A.E.S.P,GUAJIRA2,CONF,7
AGENTE,GECELCAS.A.E.S.P,GUAJIRA2,C,MEZCLAGAS-CARBÓN
AGENTE,GECELCAS.A.E.S.P,GECELCA3,D,0,0,0,0,0,0,0,0,0,0,0,0,0,0,0,0,0,0,0,0,0,0,0,0
AGENTE,GECELCAS.A.E.S.P,GECELCA3,CONF,1
AGENTE,GECELCAS.A.E.S.P,GECELCA3,C,CARBON
AGENTE,GENERADORALUZMA,LUZMAI1,D,9.60,9.60,9.60,9.60,9.60,9.60,9.60,9.60,9.60,9.60,9.60,9.60,9.60,9.60,9.60,9.60,9.60,9.60,9.60,9.60,9.60,9.60,9.60,9.60
AGENTE,GENERADORALUZMA,LUZMAII1,D,0.00,0.00,0.00,0.00,0.00,0.00,0.00,0.00,0.00,0.00,0.00,0.00,0.00,0.00,0.00,0.00,0.00,0.00,0.00,0.00,0.00,0.00,0.00,0.00
AGENTE,GENERADORALUZMA,LUZMAII2,D,9.60,9.60,9.60,9.60,9.60,9.60,9.60,9.60,9.60,9.60,9.60,9.60,9.60,9.60,9.60,9.60,9.60,9.60,9.60,9.60,9.60,9.60,9.60,9.60
AGENTE,GENERADORALUZMA,LUZMAI2,D,9.60,9.60,9.60,9.60,9.60,9.60,9.60,9.60,9.60,9.60,9.60,9.60,9.60,9.60,9.60,9.60,9.60,9.60,9.60,9.60,9.60,9.60,9.60,9.60
AGENTE,GENERAMOSENERGIA,URRAO,D,0.80,0.80,0.80,0.80,0.80,0.80,0.80,0.80,0.80,0.80,0.80,0.80,0.80,0.80,0.80,0.80,0.80,0.80,0.80,0.80,0.80,0.80,0.80,0.80
AGENTE,GENERPUTUMAYO,SANFRANCISCO(PUTUMAYO),D,0.20,0.20,0.20,0.20,0.20,0.20,0.20,0.20,0.20,0.20,0.20,0.20,0.20,0.20,0.20,0.20,0.20,0.20,0.20,0.20,0.20,0.46,0.46,0.46
AGENTE,GENERPUTUMAYO,LAFRISOLERA,D,0.20,0.20,0.20,0.20,0.20,0.20,0.20,0.20,0.20,0.20,0.20,0.20,0.20,0.20,0.20,0.20,0.20,0.20,0.20,0.20,0.20,0.20,0.20,0.20
AGENTE,GENERSA,TERMOBOLIVAR1,D,0.00,0.00,0.00,0.00,0.00,0.00,0.00,0.00,0.00,0.00,0.00,0.00,0.00,0.00,0.00,0.00,0.00,0.00,0.00,0.00,0.00,0.00,0.00,0.00
AGENTE,GENSA,PAIPA1,D,31,31,31,31,31,31,31,31,31,31,31,31,31,31,31,31,31,31,31,31,31,31,31,31
AGENTE,GENSA,PAIPA1,CONF,1
AGENTE,GENSA,PAIPA1,C,CARBON
AGENTE,GENSA,PAIPA2,D,70,70,70,70,70,70,70,70,70,70,70,70,70,70,70,70,70,70,70,70,70,70,70,70
AGENTE,GENSA,PAIPA2,CONF,1
AGENTE,GENSA,PAIPA2,C,CARBON
AGENTE,GENSA,PAIPA3,D,67,67,67,67,67,67,67,67,67,67,67,67,67,67,67,67,67,67,67,67,67,67,67,67
AGENTE,GENSA,PAIPA3,CONF,1
AGENTE,GENSA,PAIPA3,C,CARBON
AGENTE,GENSA,PAIPA4,D,154,154,154,154,154,154,154,154,154,154,154,154,154,154,154,154,154,154,154,154,154,154,154,154
AGENTE,GENSA,PAIPA4,CONF,1
AGENTE,GENSA,PAIPA4,C,CARBON
AGENTE,GENSA,PAIPA4,PRU,0,0,0,0,0,0,0,0,0,15,15,15,0,0,0,0,0,0,0,0,0,0,0,0
AGENTE,HZENERGY,REMEDIOS,D,0.00,0.00,0.00,0.00,0.00,0.00,0.00,0.00,0.00,0.00,0.00,0.00,0.00,0.00,0.00,0.00,0.00,0.00,0.00,0.00,0.00,0.00,0.00,0.00
AGENTE,HZENERGY,LAREBUSCA,D,0.63,0.63,0.63,0.63,0.63,0.63,0.63,0.63,0.63,0.63,0.63,0.63,0.63,0.63,0.63,0.63,0.63,0.63,0.63,0.63,0.63,0.63,0.63,0.63
AGENTE,HZENERGY,PROVIDENCIA,D,4.90,4.90,4.90,4.90,4.90,4.90,4.90,4.90,4.90,4.90,4.90,4.90,4.90,4.90,4.90,4.90,4.90,4.90,4.90,4.90,4.90,4.90,4.90,4.90
AGENTE,IACENERGY,LANAVETA,D,4.00,4.00,4.00,4.00,4.00,4.00,4.00,4.00,4.00,4.00,4.00,4.00,4.00,4.00,4.00,4.00,4.00,4.00,4.00,4.00,4.00,4.00,4.00,4.00
AGENTE,ISAGEN,JAGUAS1,D,85,85,85,85,85,85,85,85,85,85,85,85,85,85,85,85,85,85,85,85,85,85,85,85
AGENTE,ISAGEN,JAGUAS2,D,85,85,85,85,85,85,85,85,85,85,85,85,85,85,85,85,85,85,85,85,85,85,85,85
AGENTE,ISAGEN,JAGUAS,AGCP,140,140,140,140,140,140,140,140,140,140,140,140,140,140,140,140,140,140,140,140,140,140,140,140
AGENTE,ISAGEN,JAGUAS1,AGCU,70,70,70,70,70,70,70,70,70,70,70,70,70,70,70,70,70,70,70,70,70,70,70,70
AGENTE,ISAGEN,JAGUAS2,AGCU,70,70,70,70,70,70,70,70,70,70,70,70,70,70,70,70,70,70,70,70,70,70,70,70
AGENTE,ISAGEN,SANCARLOS1,D,155,155,155,155,155,155,155,155,155,155,155,155,155,155,155,155,155,155,155,155,155,155,155,155
AGENTE,ISAGEN,SANCARLOS2,D,155,155,155,155,155,155,155,155,155,155,155,155,155,155,155,155,155,155,155,155,155,155,155,155
AGENTE,ISAGEN,SANCARLOS3,D,155,155,155,155,155,155,155,155,155,155,155,155,155,155,155,155,155,155,155,155,155,155,155,155
AGENTE,ISAGEN,SANCARLOS4,D,155,155,155,155,155,155,155,155,155,155,155,155,155,155,155,155,155,155,155,155,155,155,155,155
AGENTE,ISAGEN,SANCARLOS5,D,155,155,155,155,155,155,155,155,155,155,155,155,155,155,155,155,155,155,155,155,155,155,155,155
AGENTE,ISAGEN,SANCARLOS6,D,155,155,155,155,155,155,155,155,155,155,155,155,155,155,155,155,155,155,155,155,155,155,155,155
AGENTE,ISAGEN,SANCARLOS7,D,155,155,155,155,155,155,155,155,155,155,155,155,155,155,155,155,155,155,155,155,155,155,155,155
AGENTE,ISAGEN,SANCARLOS8,D,155,155,155,155,155,155,155,155,155,155,155,155,155,155,155,155,155,155,155,155,155,155,155,155
AGENTE,ISAGEN,SANCARLOS,AGCP,1040,1040,1040,1040,1040,1040,1040,1040,1040,1040,1040,1040,1040,1040,1040,1040,1040,1040,1040,1040,1040,1040,1040,1040
AGENTE,ISAGEN,SANCARLOS1,AGCU,130,130,130,130,130,130,130,130,130,130,130,130,130,130,130,130,130,130,130,130,130,130,130,130
AGENTE,ISAGEN,SANCARLOS2,AGCU,130,130,130,130,130,130,130,130,130,130,130,130,130,130,130,130,130,130,130,130,130,130,130,130
AGENTE,ISAGEN,SANCARLOS3,AGCU,130,130,130,130,130,130,130,130,130,130,130,130,130,130,130,130,130,130,130,130,130,130,130,130
AGENTE,ISAGEN,SANCARLOS4,AGCU,130,130,130,130,130,130,130,130,130,130,130,130,130,130,130,130,130,130,130,130,130,130,130,130
AGENTE,ISAGEN,SANCARLOS5,AGCU,130,130,130,130,130,130,130,130,130,130,130,130,130,130,130,130,130,130,130,130,130,130,130,130
AGENTE,ISAGEN,SANCARLOS6,AGCU,130,130,130,130,130,130,130,130,130,130,130,130,130,130,130,130,130,130,130,130,130,130,130,130
AGENTE,ISAGEN,SANCARLOS7,AGCU,130,130,130,130,130,130,130,130,130,130,130,130,130,130,130,130,130,130,130,130,130,130,130,130
AGENTE,ISAGEN,SANCARLOS8,AGCU,130,130,130,130,130,130,130,130,130,130,130,130,130,130,130,130,130,130,130,130,130,130,130,130
AGENTE,ISAGEN,MIELI1,D,132,132,132,132,132,132,132,132,132,132,132,132,132,132,132,132,132,132,132,132,132,132,132,132
AGENTE,ISAGEN,MIELI2,D,132,132,132,132,132,132,132,132,132,132,132,132,132,132,132,132,132,132,132,132,132,132,132,132
AGENTE,ISAGEN,MIELI3,D,132,132,132,132,132,132,132,132,132,132,132,132,132,132,132,132,132,132,132,132,132,132,132,132
AGENTE,ISAGEN,MIELI,AGCP,234,234,234,234,234,234,234,234,234,234,234,234,234,234,234,234,234,234,234,234,234,234,234,234
AGENTE,ISAGEN,MIELI1,AGCU,78,78,78,78,78,78,78,78,78,78,78,78,78,78,78,78,78,78,78,78,78,78,78,78
AGENTE,ISAGEN,MIELI2,AGCU,78,78,78,78,78,78,78,78,78,78,78,78,78,78,78,78,78,78,78,78,78,78,78,78
AGENTE,ISAGEN,MIELI3,AGCU,78,78,78,78,78,78,78,78,78,78,78,78,78,78,78,78,78,78,78,78,78,78,78,78
AGENTE,ISAGEN,MIELI,MO,33,33,33,33,33,33,33,33,33,33,33,33,33,33,33,33,33,33,33,33,33,33,33,33
AGENTE,ISAGEN,AMOYALAESPERANZA1,D,35,35,35,35,35,35,35,35,35,35,35,35,35,35,35,35,35,35,35,35,35,35,35,35
AGENTE,ISAGEN,AMOYALAESPERANZA2,D,35,35,35,35,35,35,35,35,35,35,35,35,35,35,35,35,35,35,35,35,35,35,35,35
AGENTE,ISAGEN,SOGAMOSO1,D,273,273,273,273,273,273,273,273,273,273,273,273,273,273,273,273,273,273,273,273,273,273,273,273
AGENTE,ISAGEN,SOGAMOSO2,D,273,273,273,273,273,273,273,273,273,273,273,273,273,273,273,273,273,273,273,273,273,273,273,273
AGENTE,ISAGEN,SOGAMOSO3,D,273,273,273,273,273,273,273,273,273,273,273,273,273,273,273,273,273,273,273,273,273,273,273,273
AGENTE,ISAGEN,SOGAMOSO,MO,120,120,120,120,120,120,120,120,120,120,120,120,120,120,120,120,120,120,120,120,120,120,120,120
AGENTE,ISAGEN,CUATRICENTENARIO1,D,0.00,0.00,0.00,0.00,0.00,0.00,0.00,0.00,0.00,0.00,0.00,0.00,0.00,0.00,0.00,0.00,0.00,0.00,0.00,0.00,0.00,0.00,0.00,0.00
AGENTE,ISAGEN,TERMOCENTROCC,D,279,279,279,279,279,279,279,279,279,279,279,279,279,279,279,279,279,279,279,279,279,279,279,279
AGENTE,ISAGEN,TERMOCENTROCC,CONF,1
AGENTE,ISAGEN,TERMOCENTROCC,C,GAS
AGENTE,ISAGEN,CALDERAS1,D,1.00,1.00,1.00,1.00,1.00,1.00,1.00,1.00,1.00,2.90,2.90,2.90,2.90,2.90,2.90,2.90,2.90,2.90,2.90,2.90,1.00,1.00,1.00,1.00
AGENTE,ISAGEN,CALDERAS2,D,1.00,1.00,1.00,1.00,1.00,1.00,1.00,1.00,1.00,2.90,2.90,2.90,2.90,2.90,2.90,2.90,2.90,2.90,2.90,2.90,1.00,1.00,1.00,1.00
AGENTE,MULCALARCA,BAYONA,D,0.00,0.00,0.00,0.00,0.00,0.00,0.00,0.00,0.00,0.00,0.00,0.00,0.00,0.00,0.00,0.00,0.00,0.00,0.00,0.00,0.00,0.00,0.00,0.00
AGENTE,MULCALARCA,CAMPESTRE(CALARCA),D,0.70,0.70,0.70,0.70,0.70,0.70,0.70,0.70,0.70,0.70,0.70,0.70,0.70,0.70,0.70,0.70,0.70,0.70,0.70,0.70,0.70,0.70,0.70,0.70
AGENTE,MULCALARCA,UNION,D,0.60,0.60,0.60,0.60,0.60,0.60,0.60,0.60,0.60,0.60,0.60,0.60,0.60,0.60,0.60,0.60,0.60,0.60,0.60,0.60,0.60,0.60,0.60,0.60
AGENTE,PCHALEJANDRÍA,ALEJANDRÍA,D,7.50,7.50,7.50,7.50,7.50,7.50,7.50,7.50,7.50,7.50,7.50,7.50,7.50,7.50,7.50,7.50,7.50,7.50,7.50,7.50,7.50,7.50,7.50,7.50
AGENTE,PROELECTRICA,PROELECTRICA1,D,45,45,45,45,45,45,45,45,45,45,45,45,45,45,45,45,45,45,45,45,45,45,45,45
AGENTE,PROELECTRICA,PROELECTRICA2,D,45,45,45,45,45,45,45,45,45,45,45,45,45,45,45,45,45,45,45,45,45,45,45,45
AGENTE,PROELECTRICA,PROELECTRICA,CONF,1
AGENTE,PROELECTRICA,PROELECTRICA,C,GAS
AGENTE,PROENCA,PROENCA,D,17.00,17.00,17.00,17.00,17.00,17.00,17.00,17.00,17.00,17.00,17.00,17.00,17.00,17.00,17.00,17.00,17.00,17.00,17.00,17.00,17.00,17.00,17.00,17.00
AGENTE,PROENCA,PROENCAII,D,0.00,0.00,0.00,0.00,0.00,0.00,0.00,0.00,0.00,0.00,0.00,0.00,0.00,0.00,0.00,0.00,0.00,0.00,0.00,0.00,0.00,0.00,0.00,0.00
AGENTE,RIOENSASE.S.P.,CENTRALCASTILLA1,D,0.00,0.00,0.00,0.00,0.00,0.00,0.00,0.00,0.00,0.00,0.00,0.00,0.00,0.00,0.00,0.00,0.00,0.00,0.00,0.00,0.00,0.00,0.00,0.00
AGENTE,RIOENSASE.S.P.,INGENIORIOPAILA1,D,0.00,0.00,0.00,0.00,0.00,0.00,0.00,0.00,0.00,0.00,0.00,0.00,0.00,0.00,0.00,0.00,0.00,0.00,0.00,0.00,0.00,0.00,0.00,0.00
AGENTE,RISARALDAENERGIA,MORROAZUL,D,17.38,17.38,17.38,17.38,17.38,17.38,17.38,17.38,17.38,17.38,17.38,17.38,17.38,17.38,17.38,17.38,17.38,17.38,17.38,17.38,17.38,17.38,17.38,17.38
AGENTE,SURENERGY,PURIFICACION,D,0.00,0.00,0.00,0.00,0.00,0.00,0.00,0.00,0.00,0.00,0.00,0.00,0.00,0.00,0.00,0.00,0.00,0.00,0.00,0.00,0.00,0.00,0.00,0.00
AGENTE,TEBSAS.A.(E.S.P.),TEBSAB,D,791,791,791,791,791,791,791,791,791,791,791,791,791,791,791,791,791,791,791,791,791,791,791,791
AGENTE,TEBSAS.A.(E.S.P.),TEBSAB,CONF,5
AGENTE,TEBSAS.A.(E.S.P.),TEBSAB,C,GAS
AGENTE,TEBSAS.A.(E.S.P.),BARRANQUILLA3,D,60,60,60,60,60,60,60,60,60,60,60,60,60,60,60,60,60,60,60,60,60,60,60,60
AGENTE,TEBSAS.A.(E.S.P.),BARRANQUILLA3,CONF,1
AGENTE,TEBSAS.A.(E.S.P.),BARRANQUILLA3,C,GAS
AGENTE,TEBSAS.A.(E.S.P.),BARRANQUILLA4,D,55,55,55,55,55,55,55,55,55,55,55,55,55,55,55,55,55,55,55,55,55,55,55,55
AGENTE,TEBSAS.A.(E.S.P.),BARRANQUILLA4,CONF,1
AGENTE,TEBSAS.A.(E.S.P.),BARRANQUILLA4,C,GAS
AGENTE,TERMOMECHERO,TERMOMECHERO5,D,0.00,0.00,0.00,0.00,0.00,0.00,0.00,0.00,9.00,9.00,9.00,9.00,9.00,9.00,9.00,9.00,0.00,0.00,0.00,0.00,0.00,0.00,0.00,0.00
AGENTE,TERMOCANDELARIA,TERMOCANDELARIA1,D,157,157,157,157,157,157,157,157,157,157,157,157,157,157,157,157,157,157,157,157,157,157,157,157
AGENTE,TERMOCANDELARIA,TERMOCANDELARIA1,CONF,1
AGENTE,TERMOCANDELARIA,TERMOCANDELARIA1,C,GAS
AGENTE,TERMOCANDELARIA,TERMOCANDELARIA2,D,157,157,157,157,157,157,157,157,157,157,157,157,157,157,157,157,157,157,157,157,157,157,157,157
AGENTE,TERMOCANDELARIA,TERMOCANDELARIA2,CONF,1
AGENTE,TERMOCANDELARIA,TERMOCANDELARIA2,C,GAS
AGENTE,TERMOEMCALI,TERMOEMCALI1,D,213,213,213,213,213,213,213,213,213,213,213,213,213,213,213,213,213,213,213,213,213,213,213,213
AGENTE,TERMOEMCALI,TERMOEMCALI1,CONF,2
AGENTE,TERMOEMCALI,TERMOEMCALI1,C,ACPM
AGENTE,TERMOPIEDRASS.A.,TERMOPIEDRAS,D,3.75,3.75,3.75,3.75,3.75,3.75,3.75,3.75,3.75,3.75,3.75,3.75,3.75,3.75,3.75,3.75,3.75,3.75,3.75,3.75,3.75,3.75,3.75,3.75
AGENTE,TERMOTASAJERO,TASAJERO1,D,163,163,163,163,163,163,163,163,163,163,163,163,163,163,163,163,163,163,163,163,163,163,163,163
AGENTE,TERMOTASAJERO,TASAJERO1,CONF,1
AGENTE,TERMOTASAJERO,TASAJERO1,C,CARBON
AGENTE,TERMOTASAJERODOS,TASAJERO2,D,165,165,165,165,165,165,165,165,165,165,165,165,165,165,165,165,165,165,165,165,165,165,165,165
AGENTE,TERMOTASAJERODOS,TASAJERO2,CONF,1
AGENTE,TERMOTASAJERODOS,TASAJERO2,C,CARBON
AGENTE,TERMOTASAJERODOS,TASAJERO2,PRU,9,9,9,9,9,9,9,9,9,9,9,9,9,9,9,9,9,9,9,9,9,9,9,9
AGENTE,TERMOVALLE,TERMOVALLE1,D,197,197,197,197,197,197,197,197,197,197,197,197,197,197,197,197,197,197,197,197,197,197,197,197
AGENTE,TERMOVALLE,TERMOVALLE1,CONF,4
AGENTE,TERMOVALLE,TERMOVALLE1,C,ACPM
AGENTE,TERMOYOPAL,TERMOYOPAL2,D,30,30,30,30,30,30,30,30,30,30,30,30,30,30,30,30,30,30,30,30,30,30,30,30
AGENTE,TERMOYOPAL,TERMOYOPAL2,CONF,1
AGENTE,TERMOYOPAL,TERMOYOPAL2,C,GAS
AGENTE,TERMOYOPAL,TERMOYOPAL1,D,19.90,19.90,19.90,19.90,19.90,19.90,19.90,19.90,19.90,19.90,19.90,19.90,19.90,19.90,19.90,19.90,19.90,19.90,19.90,19.90,19.90,19.90,19.90,19.90
AGENTE,URRA,URRA1,D,0,0,0,0,0,0,0,0,0,0,0,0,0,0,0,0,0,0,0,0,0,0,0,0
AGENTE,URRA,URRA2,D,81,81,81,81,81,81,81,81,81,81,81,81,81,81,81,81,81,81,81,81,81,81,81,81
AGENTE,URRA,URRA3,D,80,80,80,80,80,80,80,80,80,80,80,80,80,80,80,80,80,80,80,80,80,80,80,80
AGENTE,URRA,URRA4,D,80,80,80,80,80,80,80,80,80,80,80,80,80,80,80,80,80,80,80,80,80,80,80,80
AGENTE,URRA,URRA,AGCP,0,0,0,0,0,0,0,0,0,0,0,0,0,0,0,0,0,0,0,0,0,0,0,0
AGENTE,URRA,URRA1,AGCU,0,0,0,0,0,0,0,0,0,0,0,0,0,0,0,0,0,0,0,0,0,0,0,0
AGENTE,URRA,URRA2,AGCU,0,0,0,0,0,0,0,0,0,0,0,0,0,0,0,0,0,0,0,0,0,0,0,0
AGENTE,URRA,URRA3,AGCU,0,0,0,0,0,0,0,0,0,0,0,0,0,0,0,0,0,0,0,0,0,0,0,0
AGENTE,URRA,URRA4,AGCU,0,0,0,0,0,0,0,0,0,0,0,0,0,0,0,0,0,0,0,0,0,0,0,0
AGENTE,URRA,URRA,MO,241,241,241,241,241,241,241,241,241,241,241,241,241,241,241,241,241,241,241,241,241,241,241,241
AGENTE,VATIAS.A.,CARLOSLLERAS1,D,17,17,17,17,17,17,17,17,17,17,17,17,17,17,17,17,17,17,17,17,17,17,17,17
AGENTE,VATIAS.A.,CARLOSLLERAS2,D,17,17,17,17,17,17,17,17,17,17,17,17,17,17,17,17,17,17,17,17,17,17,17,17
AGENTE,VATIAS.A.,FLORIDA21,D,0.00,0.00,0.00,0.00,0.00,0.00,0.00,0.00,0.00,0.00,6.00,6.00,6.00,6.00,6.00,6.00,9.50,9.50,9.50,9.50,9.50,9.50,0.00,0.00
AGENTE,VATIAS.A.,FLORIDA22,D,6.20,6.20,6.20,6.20,6.20,6.20,6.20,6.20,6.20,6.20,6.00,6.00,6.00,6.00,6.00,6.00,9.50,9.50,9.50,9.50,9.50,9.50,6.20,6.20
AGENTE,VATIAS.A.,LASPALMAS1,D,0.00,0.00,0.00,0.00,0.00,0.00,0.00,0.00,0.00,0.00,0.00,0.00,0.00,0.00,0.00,0.00,0.00,0.00,0.00,0.00,0.00,0.00,0.00,0.00
AGENTE,VATIAS.A.,LASPALMAS2,D,1.20,1.20,1.20,1.20,1.20,1.20,1.20,1.20,1.20,1.20,1.20,1.20,1.20,1.20,1.20,1.20,1.20,1.20,1.20,1.20,1.20,1.20,1.20,1.20
AGENTE,VATIAS.A.,OVEJAS,D,0.00,0.00,0.00,0.00,0.00,0.00,0.00,0.00,0.00,0.00,0.00,0.00,0.00,0.00,0.00,0.00,0.00,0.00,0.00,0.00,0.00,0.00,0.00,0.00
AGENTE,VATIAS.A.,PASTALES,D,0.65,0.65,0.65,0.65,0.65,0.65,0.65,0.65,0.65,0.65,0.65,0.65,0.65,0.65,0.65,0.65,0.65,0.65,0.65,0.65,0.65,0.65,0.65,0.65
AGENTE,VATIAS.A.,MONDOMO,D,0.43,0.43,0.43,0.43,0.43,0.43,0.43,0.43,0.43,0.43,0.43,0.43,0.43,0.43,0.43,0.43,0.43,0.43,0.43,0.43,0.43,0.43,0.43,0.43
AGENTE,VATIAS.A.,ASNAZU,D,0.45,0.45,0.45,0.45,0.45,0.45,0.45,0.45,0.45,0.45,0.45,0.45,0.45,0.45,0.45,0.45,0.45,0.45,0.45,0.45,0.45,0.45,0.45,0.45
AGENTE,VATIAS.A.,INZA,D,0.00,0.00,0.00,0.00,0.00,0.00,0.00,0.00,0.00,0.00,0.00,0.00,0.00,0.00,0.00,0.00,0.00,0.00,0.00,0.00,0.00,0.00,0.00,0.00
AGENTE,VATIAS.A.,MIROLINDO,D,2.96,2.96,2.96,2.96,2.96,2.96,2.96,2.96,2.96,2.96,2.96,2.96,2.96,2.96,2.96,2.96,2.96,2.96,2.96,2.96,2.96,2.96,2.96,2.96
AGENTE,VATIAS.A.,SAJANDI,D,2.65,2.65,2.65,2.65,2.65,2.65,2.65,2.65,2.65,2.65,2.65,2.65,2.65,2.65,2.65,2.65,2.65,2.65,2.65,2.65,2.65,2.65,2.65,2.65
AGENTE,VATIAS.A.,SILVIA,D,0.35,0.35,0.35,0.35,0.35,0.35,0.35,0.35,0.35,0.35,0.35,0.35,0.35,0.35,0.35,0.35,0.35,0.35,0.35,0.35,0.35,0.35,0.35,0.35
AGENTE,VATIAS.A.,RIORECIO,D,0.00,0.00,0.00,0.00,0.00,0.00,0.00,0.00,0.00,0.00,0.00,0.00,0.00,0.00,0.00,0.00,0.00,0.00,0.00,0.00,0.00,0.00,0.00,0.00
AGENTE,VATIAS.A.,VENTANAA,D,1.19,1.19,1.19,1.19,1.19,1.19,1.19,1.19,1.19,1.19,1.19,1.19,1.19,1.19,1.19,1.19,1.19,1.19,1.19,1.19,1.19,1.19,1.19,1.19
AGENTE,VATIAS.A.,VENTANAB,D,1.99,1.99,1.99,1.99,1.99,1.99,1.99,1.99,1.99,1.99,1.99,1.99,1.99,1.99,1.99,1.99,1.99,1.99,1.99,1.99,1.99,1.99,1.99,1.99
AGENTE,VATIAS.A.,RIOPALO,D,1.10,1.10,1.10,1.10,1.10,1.10,1.10,1.10,1.10,1.10,1.10,1.10,1.10,1.10,1.10,1.10,1.10,1.10,1.10,1.10,1.10,1.10,1.10,1.10
AGENTE,VATIAS.A.,SANTIAGO,D,1.52,1.52,1.52,1.52,1.52,1.52,1.52,1.52,1.52,1.52,1.52,1.52,1.52,1.52,1.52,1.52,1.52,1.52,1.52,1.52,1.52,1.52,1.52,1.52
AGENTE,VATIAS.A.,INCAUCA1,D,8.50,8.50,8.50,8.50,8.50,8.50,8.50,8.50,8.50,8.50,8.50,8.50,8.50,8.50,8.50,8.50,8.50,8.50,8.50,8.50,8.50,8.50,8.50,8.50
AGENTE,VATIAS.A.,INGENIOPROVIDENCIA2,D,13.80,13.80,13.80,13.80,13.80,13.80,13.80,13.80,13.80,13.80,13.80,13.80,13.80,13.80,13.80,13.80,13.80,13.80,13.80,13.80,13.80,13.80,13.80,13.80
AGENTE,ZFCELSIA,FLORES1,D,0,0,0,0,0,0,0,0,0,0,0,0,0,0,0,0,0,0,0,0,0,0,0,0
AGENTE,ZFCELSIA,FLORES1,CONF,1
AGENTE,ZFCELSIA,FLORES1,C,GAS
AGENTE,ZFCELSIA,FLORES4B,D,450,450,450,450,450,450,450,450,450,450,450,450,450,450,450,450,450,450,450,450,450,450,450,450
AGENTE,ZFCELSIA,FLORES4B,CONF,1
AGENTE,ZFCELSIA,FLORES4B,C,GAS
